0 000 000 --- --- --- 00000000 00000000 00000000 00000000 00000000 00000000 00000000 00000000 00000000 00000000 00000000 00000000 00000000 00000000 
1 001 000 000 --- --- 00000000 00000000 00000000 00000000 00000000 00000000 00000000 00000000 00000000 00000000 00000000 00000000 00000000 00000000 
2 002 001 000 000 --- 00000000 00000000 00000000 00000000 00000000 00000000 00000000 00000000 00000000 00000000 00000000 00000000 00000000 00000000 
3 003 002 001 000 000 00000000 00000000 00000000 00000000 00000000 00000000 00000000 00000000 00000000 00000000 00000000 00000000 00000000 00000000 
4 003 002 000 001 000 00000000 00000000 00000000 00000000 00000000 00000000 00000000 00000000 00000000 00000000 00000000 00000000 00000000 00000000 
5 003 002 000 000 001 00000FFF 00000000 00000000 00000000 00000000 00000000 00000000 00000000 00000000 00000000 00000000 00000000 00000000 00000000 
6 003 002 000 000 000 00000FFF 00000000 00000FFF 00000000 00000000 00000000 00000000 00000000 00000000 00000000 00000000 00000000 00000000 00000000 
7 004 003 002 000 000 00000FFF 00000000 00000FFF 00000000 00000000 00000000 00000000 00000000 00000000 00000000 00000000 00000000 00000000 00000000 
8 004 003 000 002 000 00000FFF 00000000 00000FFF 00000000 00000000 00000000 00000000 00000000 00000000 00000000 00000000 00000000 00000000 00000000 
9 004 003 000 000 002 00000FFF 00000000 00000FFF 00000000 00000000 00000000 00000000 00000000 00000000 00000000 00000000 00000000 00000000 00000000 
10 004 003 000 000 000 00000FFF 00000000 00001000 00000000 00000000 00000000 00000000 00000000 00000000 00000000 00000000 00000000 00000000 00000000 
11 005 004 003 000 000 00000FFF 00000000 00001000 00000000 00000000 00000000 00000000 00000000 00000000 00000000 00000000 00000000 00000000 00000000 
12 006 005 004 003 000 00000FFF 00000000 00001000 00000000 00000000 00000000 00000000 00000000 00000000 00000000 00000000 00000000 00000000 00000000 
13 007 006 005 004 003 00000FFF 00000000 00001000 00000000 00000000 00000000 00000000 00000000 00000000 00000000 00000000 00000000 00000000 00000000 
14 007 006 --- 004 --- 00000FFF 00000000 00001000 00002000 00000000 00000000 00000000 00000000 00000000 00000000 00000000 00000000 00000000 00000000 
15 007 006 --- 004 --- 00000FFF 00000000 00001000 00002000 00000000 00000000 00000000 00000000 00000000 00000000 00000000 00000000 00000000 00000000 
16 007 006 --- 004 --- 00000FFF 00000000 00001000 00002000 00000000 00000000 00000000 00000000 00000000 00000000 00000000 00000000 00000000 00000000 
17 007 006 --- 004 --- 00000FFF 00000000 00001000 00002000 00000000 00000000 00000000 00000000 00000000 00000000 00000000 00000000 00000000 00000000 
18 007 006 --- 004 --- 00000FFF 00000000 00001000 00002000 00000000 00000000 00000000 00000000 00000000 00000000 00000000 00000000 00000000 00000000 
19 007 006 --- 004 --- 00000FFF 00000000 00001000 00002000 00000000 00000000 00000000 00000000 00000000 00000000 00000000 00000000 00000000 00000000 
20 007 006 --- 004 --- 00000FFF 00000000 00001000 00002000 00000000 00000000 00000000 00000000 00000000 00000000 00000000 00000000 00000000 00000000 
21 007 006 --- 004 --- 00000FFF 00000000 00001000 00002000 00000000 00000000 00000000 00000000 00000000 00000000 00000000 00000000 00000000 00000000 
22 007 006 --- 004 --- 00000FFF 00000000 00001000 00002000 00000000 00000000 00000000 00000000 00000000 00000000 00000000 00000000 00000000 00000000 
23 007 006 --- 004 --- 00000FFF 00000000 00001000 00002000 00000000 00000000 00000000 00000000 00000000 00000000 00000000 00000000 00000000 00000000 
24 007 006 --- 004 --- 00000FFF 00000000 00001000 00002000 00000000 00000000 00000000 00000000 00000000 00000000 00000000 00000000 00000000 00000000 
25 007 006 --- 004 --- 00000FFF 00000000 00001000 00002000 00000000 00000000 00000000 00000000 00000000 00000000 00000000 00000000 00000000 00000000 
26 007 006 --- 004 --- 00000FFF 00000000 00001000 00002000 00000000 00000000 00000000 00000000 00000000 00000000 00000000 00000000 00000000 00000000 
27 007 006 --- 004 --- 00000FFF 00000000 00001000 00002000 00000000 00000000 00000000 00000000 00000000 00000000 00000000 00000000 00000000 00000000 
28 007 006 --- 004 --- 00000FFF 00000000 00001000 00002000 00000000 00000000 00000000 00000000 00000000 00000000 00000000 00000000 00000000 00000000 
29 007 006 --- 004 --- 00000FFF 00000000 00001000 00002000 00000000 00000000 00000000 00000000 00000000 00000000 00000000 00000000 00000000 00000000 
30 007 006 --- 004 --- 00000FFF 00000000 00001000 00002000 00000000 00000000 00000000 00000000 00000000 00000000 00000000 00000000 00000000 00000000 
31 007 006 --- 004 --- 00000FFF 00000000 00001000 00002000 00000000 00000000 00000000 00000000 00000000 00000000 00000000 00000000 00000000 00000000 
32 007 006 --- 004 --- 00000FFF 00000000 00001000 00002000 00000000 00000000 00000000 00000000 00000000 00000000 00000000 00000000 00000000 00000000 
33 007 006 --- 004 --- 00000FFF 00000000 00001000 00002000 00000000 00000000 00000000 00000000 00000000 00000000 00000000 00000000 00000000 00000000 
34 007 006 000 005 004 00000FFF 00000000 00001000 00002000 00000000 00000000 00000000 00000000 00000000 00000000 00000000 00000000 00000000 00000000 
35 007 006 --- 005 --- 00000FFF 00000000 00001000 00002000 00000001 00000000 00000000 00000000 00000000 00000000 00000000 00000000 00000000 00000000 
36 007 006 --- 005 --- 00000FFF 00000000 00001000 00002000 00000001 00000000 00000000 00000000 00000000 00000000 00000000 00000000 00000000 00000000 
37 007 006 --- 005 --- 00000FFF 00000000 00001000 00002000 00000001 00000000 00000000 00000000 00000000 00000000 00000000 00000000 00000000 00000000 
38 007 006 --- 005 --- 00000FFF 00000000 00001000 00002000 00000001 00000000 00000000 00000000 00000000 00000000 00000000 00000000 00000000 00000000 
39 007 006 --- 005 --- 00000FFF 00000000 00001000 00002000 00000001 00000000 00000000 00000000 00000000 00000000 00000000 00000000 00000000 00000000 
40 007 006 --- 005 --- 00000FFF 00000000 00001000 00002000 00000001 00000000 00000000 00000000 00000000 00000000 00000000 00000000 00000000 00000000 
41 007 006 --- 005 --- 00000FFF 00000000 00001000 00002000 00000001 00000000 00000000 00000000 00000000 00000000 00000000 00000000 00000000 00000000 
42 007 006 --- 005 --- 00000FFF 00000000 00001000 00002000 00000001 00000000 00000000 00000000 00000000 00000000 00000000 00000000 00000000 00000000 
43 007 006 --- 005 --- 00000FFF 00000000 00001000 00002000 00000001 00000000 00000000 00000000 00000000 00000000 00000000 00000000 00000000 00000000 
44 007 006 --- 005 --- 00000FFF 00000000 00001000 00002000 00000001 00000000 00000000 00000000 00000000 00000000 00000000 00000000 00000000 00000000 
45 007 006 --- 005 --- 00000FFF 00000000 00001000 00002000 00000001 00000000 00000000 00000000 00000000 00000000 00000000 00000000 00000000 00000000 
46 007 006 --- 005 --- 00000FFF 00000000 00001000 00002000 00000001 00000000 00000000 00000000 00000000 00000000 00000000 00000000 00000000 00000000 
47 007 006 --- 005 --- 00000FFF 00000000 00001000 00002000 00000001 00000000 00000000 00000000 00000000 00000000 00000000 00000000 00000000 00000000 
48 007 006 --- 005 --- 00000FFF 00000000 00001000 00002000 00000001 00000000 00000000 00000000 00000000 00000000 00000000 00000000 00000000 00000000 
49 007 006 --- 005 --- 00000FFF 00000000 00001000 00002000 00000001 00000000 00000000 00000000 00000000 00000000 00000000 00000000 00000000 00000000 
50 007 006 --- 005 --- 00000FFF 00000000 00001000 00002000 00000001 00000000 00000000 00000000 00000000 00000000 00000000 00000000 00000000 00000000 
51 007 006 --- 005 --- 00000FFF 00000000 00001000 00002000 00000001 00000000 00000000 00000000 00000000 00000000 00000000 00000000 00000000 00000000 
52 007 006 --- 005 --- 00000FFF 00000000 00001000 00002000 00000001 00000000 00000000 00000000 00000000 00000000 00000000 00000000 00000000 00000000 
53 007 006 --- 005 --- 00000FFF 00000000 00001000 00002000 00000001 00000000 00000000 00000000 00000000 00000000 00000000 00000000 00000000 00000000 
54 007 006 --- 005 --- 00000FFF 00000000 00001000 00002000 00000001 00000000 00000000 00000000 00000000 00000000 00000000 00000000 00000000 00000000 
55 007 006 000 000 005 00000FFF 00000000 00001000 00002000 00000001 00000000 00000000 00000000 00000000 00000000 00000000 00000000 00000000 00000000 
56 007 006 000 000 000 00000FFF 00000000 00001000 00002000 00000001 00000002 00000000 00000000 00000000 00000000 00000000 00000000 00000000 00000000 
57 008 007 006 000 000 00000FFF 00000000 00001000 00002000 00000001 00000002 00000000 00000000 00000000 00000000 00000000 00000000 00000000 00000000 
58 008 007 000 006 000 00000FFF 00000000 00001000 00002000 00000001 00000002 00000000 00000000 00000000 00000000 00000000 00000000 00000000 00000000 
59 008 007 000 000 006 00000FFF 00000000 00001000 00002000 00000001 00000002 00000000 00000000 00000000 00000000 00000000 00000000 00000000 00000000 
60 009 008 007 000 000 00000FFF 00000000 00001000 00002000 00000001 00000002 00000003 00000000 00000000 00000000 00000000 00000000 00000000 00000000 
61 00A 009 008 007 000 00000FFF 00000000 00001000 00002000 00000001 00000002 00000003 00000000 00000000 00000000 00000000 00000000 00000000 00000000 
62 00B 00A 009 008 007 00000FFF 00000000 00001000 00002000 00000001 00000002 00000003 00000000 00000000 00000000 00000000 00000000 00000000 00000000 
63 00C 00B 00A 009 008 00000FFF 00000000 00001000 00002000 00000001 00000002 00000003 00000000 00000000 00000000 00000000 00000000 00000000 00000000 
64 004 00C 00B 00A 009 00000FFF 00000001 00001000 00002000 00000001 00000002 00000003 00000000 00000000 00000000 00000000 00000000 00000000 00000000 
65 005 004 00C 00B 00A 00000FFF 00000001 00001001 00002000 00000001 00000002 00000003 00000000 00000000 00000000 00000000 00000000 00000000 00000000 
66 006 005 004 00C 00B 00000FFF 00000001 00001001 00002001 00000001 00000002 00000003 00000000 00000000 00000000 00000000 00000000 00000000 00000000 
67 007 006 005 004 00C 00000FFF 00000001 00001001 00002001 00000001 00000002 00000003 00000000 00000000 00000000 00000000 00000000 00000000 00000000 
68 007 006 --- 004 --- 00000FFF 00000001 00001001 00002001 00000001 00000002 00000003 00000001 00000000 00000000 00000000 00000000 00000000 00000000 
69 007 006 --- 004 --- 00000FFF 00000001 00001001 00002001 00000001 00000002 00000003 00000001 00000000 00000000 00000000 00000000 00000000 00000000 
70 007 006 --- 004 --- 00000FFF 00000001 00001001 00002001 00000001 00000002 00000003 00000001 00000000 00000000 00000000 00000000 00000000 00000000 
71 007 006 --- 004 --- 00000FFF 00000001 00001001 00002001 00000001 00000002 00000003 00000001 00000000 00000000 00000000 00000000 00000000 00000000 
72 007 006 --- 004 --- 00000FFF 00000001 00001001 00002001 00000001 00000002 00000003 00000001 00000000 00000000 00000000 00000000 00000000 00000000 
73 007 006 --- 004 --- 00000FFF 00000001 00001001 00002001 00000001 00000002 00000003 00000001 00000000 00000000 00000000 00000000 00000000 00000000 
74 007 006 --- 004 --- 00000FFF 00000001 00001001 00002001 00000001 00000002 00000003 00000001 00000000 00000000 00000000 00000000 00000000 00000000 
75 007 006 --- 004 --- 00000FFF 00000001 00001001 00002001 00000001 00000002 00000003 00000001 00000000 00000000 00000000 00000000 00000000 00000000 
76 007 006 --- 004 --- 00000FFF 00000001 00001001 00002001 00000001 00000002 00000003 00000001 00000000 00000000 00000000 00000000 00000000 00000000 
77 007 006 --- 004 --- 00000FFF 00000001 00001001 00002001 00000001 00000002 00000003 00000001 00000000 00000000 00000000 00000000 00000000 00000000 
78 007 006 --- 004 --- 00000FFF 00000001 00001001 00002001 00000001 00000002 00000003 00000001 00000000 00000000 00000000 00000000 00000000 00000000 
79 007 006 --- 004 --- 00000FFF 00000001 00001001 00002001 00000001 00000002 00000003 00000001 00000000 00000000 00000000 00000000 00000000 00000000 
80 007 006 --- 004 --- 00000FFF 00000001 00001001 00002001 00000001 00000002 00000003 00000001 00000000 00000000 00000000 00000000 00000000 00000000 
81 007 006 --- 004 --- 00000FFF 00000001 00001001 00002001 00000001 00000002 00000003 00000001 00000000 00000000 00000000 00000000 00000000 00000000 
82 007 006 --- 004 --- 00000FFF 00000001 00001001 00002001 00000001 00000002 00000003 00000001 00000000 00000000 00000000 00000000 00000000 00000000 
83 007 006 --- 004 --- 00000FFF 00000001 00001001 00002001 00000001 00000002 00000003 00000001 00000000 00000000 00000000 00000000 00000000 00000000 
84 007 006 --- 004 --- 00000FFF 00000001 00001001 00002001 00000001 00000002 00000003 00000001 00000000 00000000 00000000 00000000 00000000 00000000 
85 007 006 --- 004 --- 00000FFF 00000001 00001001 00002001 00000001 00000002 00000003 00000001 00000000 00000000 00000000 00000000 00000000 00000000 
86 007 006 --- 004 --- 00000FFF 00000001 00001001 00002001 00000001 00000002 00000003 00000001 00000000 00000000 00000000 00000000 00000000 00000000 
87 007 006 --- 004 --- 00000FFF 00000001 00001001 00002001 00000001 00000002 00000003 00000001 00000000 00000000 00000000 00000000 00000000 00000000 
88 007 006 000 005 004 00000FFF 00000001 00001001 00002001 00000001 00000002 00000003 00000001 00000000 00000000 00000000 00000000 00000000 00000000 
89 007 006 --- 005 --- 00000FFF 00000001 00001001 00002001 00000001 00000002 00000003 00000001 00000000 00000000 00000000 00000000 00000000 00000000 
90 007 006 --- 005 --- 00000FFF 00000001 00001001 00002001 00000001 00000002 00000003 00000001 00000000 00000000 00000000 00000000 00000000 00000000 
91 007 006 --- 005 --- 00000FFF 00000001 00001001 00002001 00000001 00000002 00000003 00000001 00000000 00000000 00000000 00000000 00000000 00000000 
92 007 006 --- 005 --- 00000FFF 00000001 00001001 00002001 00000001 00000002 00000003 00000001 00000000 00000000 00000000 00000000 00000000 00000000 
93 007 006 --- 005 --- 00000FFF 00000001 00001001 00002001 00000001 00000002 00000003 00000001 00000000 00000000 00000000 00000000 00000000 00000000 
94 007 006 --- 005 --- 00000FFF 00000001 00001001 00002001 00000001 00000002 00000003 00000001 00000000 00000000 00000000 00000000 00000000 00000000 
95 007 006 --- 005 --- 00000FFF 00000001 00001001 00002001 00000001 00000002 00000003 00000001 00000000 00000000 00000000 00000000 00000000 00000000 
96 007 006 --- 005 --- 00000FFF 00000001 00001001 00002001 00000001 00000002 00000003 00000001 00000000 00000000 00000000 00000000 00000000 00000000 
97 007 006 --- 005 --- 00000FFF 00000001 00001001 00002001 00000001 00000002 00000003 00000001 00000000 00000000 00000000 00000000 00000000 00000000 
98 007 006 --- 005 --- 00000FFF 00000001 00001001 00002001 00000001 00000002 00000003 00000001 00000000 00000000 00000000 00000000 00000000 00000000 
99 007 006 --- 005 --- 00000FFF 00000001 00001001 00002001 00000001 00000002 00000003 00000001 00000000 00000000 00000000 00000000 00000000 00000000 
100 007 006 --- 005 --- 00000FFF 00000001 00001001 00002001 00000001 00000002 00000003 00000001 00000000 00000000 00000000 00000000 00000000 00000000 
101 007 006 --- 005 --- 00000FFF 00000001 00001001 00002001 00000001 00000002 00000003 00000001 00000000 00000000 00000000 00000000 00000000 00000000 
102 007 006 --- 005 --- 00000FFF 00000001 00001001 00002001 00000001 00000002 00000003 00000001 00000000 00000000 00000000 00000000 00000000 00000000 
103 007 006 --- 005 --- 00000FFF 00000001 00001001 00002001 00000001 00000002 00000003 00000001 00000000 00000000 00000000 00000000 00000000 00000000 
104 007 006 --- 005 --- 00000FFF 00000001 00001001 00002001 00000001 00000002 00000003 00000001 00000000 00000000 00000000 00000000 00000000 00000000 
105 007 006 --- 005 --- 00000FFF 00000001 00001001 00002001 00000001 00000002 00000003 00000001 00000000 00000000 00000000 00000000 00000000 00000000 
106 007 006 --- 005 --- 00000FFF 00000001 00001001 00002001 00000001 00000002 00000003 00000001 00000000 00000000 00000000 00000000 00000000 00000000 
107 007 006 --- 005 --- 00000FFF 00000001 00001001 00002001 00000001 00000002 00000003 00000001 00000000 00000000 00000000 00000000 00000000 00000000 
108 007 006 --- 005 --- 00000FFF 00000001 00001001 00002001 00000001 00000002 00000003 00000001 00000000 00000000 00000000 00000000 00000000 00000000 
109 007 006 000 000 005 00000FFF 00