00002029
00002028
00002028
00002028
00002028
00002028
00002028
00002028
00002028
00002028
00002028
00002028
00002028
00002028
00002028
00002028
00002028
00002028
00002028
00002028
00002028
00002028
00002028
00002028
00002028
00002028
00002028
00002028
00002028
00002028
00002028
00002028
00002028
00002028
00002028
00002028
00002028
00002028
00002028
00002028
00002028
00002028
00002028
00002028
00002028
00002028
00002028
00002028
00002028
00002028
00002028
00002028
00002028
00002028
00002028
00002028
00002028
00002028
00002028
00002028
00002028
00002028
00002028
00002028
