00002025
00002024
00002024
00002024
00002024
00002024
00002024
00002024
00002024
00002024
00002024
00002024
00002024
00002024
00002024
00002024
00002024
00002024
00002024
00002024
00002024
00002024
00002024
00002024
00002024
00002024
00002024
00002024
00002024
00002024
00002024
00002024
00002024
00002024
00002024
00002024
00002024
00002024
00002024
00002024
00002024
00002024
00002024
00002024
00002024
00002024
00002024
00002024
00002024
00002024
00002024
00002024
00002024
00002024
00002024
00002024
00002024
00002024
00002024
00002024
00002024
00002024
00002024
00002024
