00002031
00002030
00002030
00002030
00002030
00002030
00002030
00002030
00002030
00002030
00002030
00002030
00002030
00002030
00002030
00002030
00002030
00002030
00002030
00002030
00002030
00002030
00002030
00002030
00002030
00002030
00002030
00002030
00002030
00002030
00002030
00002030
00002030
00002030
00002030
00002030
00002030
00002030
00002030
00002030
00002030
00002030
00002030
00002030
00002030
00002030
00002030
00002030
00002030
00002030
00002030
00002030
00002030
00002030
00002030
00002030
00002030
00002030
00002030
00002030
00002030
00002030
00002030
00002030
